
%%%%%%%
f=46;
Vg=f*32*9*0.0341895;
c=250e-9